The shape of the image is:  (257, 450, 3)
[[[83 42 19]
  [84 42 23]
  [84 43 28]
  ...
  [51 42 69]
  [46 41 68]
  [46 41 68]]

 [[84 43 20]
  [85 43 24]
  [84 43 28]
  ...
  [53 44 71]
  [47 42 71]
  [47 42 71]]

 [[85 44 22]
  [84 44 25]
  [86 45 30]
  ...
  [54 44 74]
  [48 43 72]
  [48 43 72]]

 ...

 [[ 5  0  1]
  [ 5  0  1]
  [ 5  0  1]
  ...
  [ 0  0  0]
  [ 0  0  0]
  [ 0  0  0]]

 [[ 5  0  1]
  [ 5  0  1]
  [ 5  0  1]
  ...
  [ 0  0  0]
  [ 0  0  0]
  [ 0  0  0]]

 [[ 4  0  0]
  [ 4  0  0]
  [ 4  0  0]
  ...
  [ 0  0  0]
  [ 1  1  1]
  [ 1  1  1]]]
